-0.462713
-0.417415
0.5397998
0.2094007
-0.3310783
0.01861087
0.4109875
0.1637324
0.1081325
0.9116233
-0.3474077
-0.1880665
0.9441663
-0.4569906
-1.539136
0.2144942
0.2873340
-0.0887339
0.0693075
0.3762129
0.619901
-0.3368499
-0.07043931
-0.04863951
-0.1701468
0.7850257
1.380423
1.465365
1.210325
0.3150334
0.9285977
0.8944247
0.5315317
1.292768
1.067880
1.316154
0.7195102
0.6815275
1.200781
1.186233
0.4784427
0.572609
0.0523358
1.092703
0.1698822
0.5180566
1.546218
-0.07748459
0.06089673
0.6974282
0.1803885
-0.721498
-0.4222313
-0.1573256
0.3489933
0.1113027
-0.4440569
0.1821147
-0.0788546
-0.3129575
-0.6335991
-0.6183694
-0.4243053
-0.5743305
-0.4843123
-0.7342528
-0.5413452
0.3099254
-0.490869
-1.427758
-0.6634491
-0.3602564
0.0926645
-1.248298
-0.1192844
-0.2200429
-0.0807496
-0.06439594
-0.4813115
0.5137955
-0.2007195
0.01075128
1.403881
-0.02655564
0.370723
0.07401171
0.1727316
-0.1908255
0.2567130
0.1863108
-0.2306448
0.06127917
0.6900736
0.7068727
0.2341396
1.323630
0.2414791
0.4701879
0.8880418
1.069386
